n = 15;
d = [267.0037332517464, 487.6136859787641, 582.8529679730559, 12.812310499599969, 267.3758557817308, 468.201067987596, 3.1162649205820028, 448.21783580912324, 128.41183585230982, 443.37011578619126, 357.1718785371776, 434.0542895248279, 329.0301108643987, 357.12176517642575, 356.4774757521544];
t = [[0.0, 39.0, 19.0, 39.0, 36.0, 18.0, 12.0, 16.0, 18.0, 36.0, 12.0, 13.0, 12.0, 42.0, 12.0, 18.0][0.0, 0.0, 27.0, 54.0, 32.0, 27.0, 27.0, 27.0, 27.0, 31.0, 27.0, 27.0, 27.0, 30.0, 27.0, 27.0][0.0, 42.0, 0.0, 42.0, 48.0, 24.0, 15.0, 24.0, 30.0, 48.0, 19.0, 24.0, 13.0, 54.0, 16.0, 30.0][0.0, 54.0, 27.0, 0.0, 35.0, 27.0, 27.0, 27.0, 27.0, 34.0, 27.0, 27.0, 27.0, 33.0, 27.0, 27.0][0.0, 40.0, 18.0, 40.0, 0.0, 24.0, 13.0, 24.0, 30.0, 48.0, 18.0, 24.0, 12.0, 54.0, 14.0, 30.0][0.0, 38.0, 18.0, 38.0, 48.0, 0.0, 11.0, 24.0, 30.0, 48.0, 18.0, 24.0, 12.0, 54.0, 12.0, 30.0][0.0, 30.0, 21.0, 30.0, 48.0, 24.0, 0.0, 24.0, 30.0, 48.0, 18.0, 24.0, 12.0, 54.0, 6.0, 30.0][0.0, 36.0, 18.0, 36.0, 48.0, 24.0, 9.0, 0.0, 30.0, 48.0, 18.0, 24.0, 12.0, 54.0, 10.0, 30.0][0.0, 33.0, 18.0, 33.0, 48.0, 24.0, 6.0, 24.0, 0.0, 48.0, 18.0, 24.0, 12.0, 54.0, 7.0, 30.0][0.0, 39.0, 18.0, 39.0, 48.0, 24.0, 12.0, 24.0, 30.0, 0.0, 18.0, 24.0, 12.0, 54.0, 13.0, 30.0][0.0, 32.0, 19.0, 32.0, 48.0, 24.0, 6.0, 24.0, 30.0, 48.0, 0.0, 24.0, 12.0, 54.0, 6.0, 30.0][0.0, 33.0, 18.0, 33.0, 48.0, 24.0, 6.0, 24.0, 30.0, 48.0, 18.0, 0.0, 12.0, 54.0, 7.0, 30.0][0.0, 35.0, 18.0, 35.0, 48.0, 24.0, 8.0, 24.0, 30.0, 48.0, 18.0, 24.0, 0.0, 54.0, 9.0, 30.0][0.0, 35.0, 18.0, 35.0, 48.0, 24.0, 8.0, 24.0, 30.0, 48.0, 18.0, 24.0, 12.0, 0.0, 9.0, 30.0][0.0, 29.0, 22.0, 29.0, 48.0, 24.0, 6.0, 24.0, 30.0, 48.0, 18.0, 24.0, 12.0, 54.0, 0.0, 30.0][0.0, 34.0, 18.0, 34.0, 48.0, 24.0, 7.0, 24.0, 30.0, 48.0, 18.0, 24.0, 12.0, 54.0, 8.0, 0.0]];