n = 10;
d = [144.8739960750791, 204.45066217443357, 61.95751158022035, 133.86116408183477, 131.74274553698172, 92.39657260406103, 117.75523628568837, 8.954148987238131, 155.25762663517224, 12.05600176656046];
t = [[0.0, 27.0, 36.0, 33.0, 30.0, 27.0, 22.0, 30.0, 33.0, 36.0, 21.0][0.0, 0.0, 27.0, 24.0, 21.0, 18.0, 13.0, 21.0, 24.0, 27.0, 12.0][0.0, 27.0, 0.0, 33.0, 30.0, 27.0, 22.0, 30.0, 33.0, 36.0, 21.0][0.0, 24.0, 33.0, 0.0, 27.0, 24.0, 19.0, 27.0, 30.0, 33.0, 18.0][0.0, 21.0, 30.0, 27.0, 0.0, 21.0, 16.0, 24.0, 27.0, 30.0, 15.0][0.0, 18.0, 27.0, 24.0, 21.0, 0.0, 13.0, 21.0, 24.0, 27.0, 12.0][0.0, 13.0, 22.0, 19.0, 16.0, 13.0, 0.0, 16.0, 19.0, 22.0, 7.0][0.0, 21.0, 30.0, 27.0, 24.0, 21.0, 16.0, 0.0, 27.0, 30.0, 15.0][0.0, 24.0, 33.0, 30.0, 27.0, 24.0, 19.0, 27.0, 0.0, 33.0, 18.0][0.0, 27.0, 36.0, 33.0, 30.0, 27.0, 22.0, 30.0, 33.0, 0.0, 21.0][0.0, 12.0, 21.0, 18.0, 15.0, 12.0, 7.0, 15.0, 18.0, 21.0, 0.0]];