n = 15;
d = [533.9912876789267, 302.43734269869606, 461.78989151939555, 116.38007314201677, 140.2247192928685, 479.0456554671674, 181.55477145685933, 172.48724609282695, 606.9010812098525, 151.72818058489466, 493.31448464627204, 122.58083976203463, 87.27952751517543, 542.4191958798957, 158.00689293917927];
t = [[0.0, 31.0, 15.0, 39.0, 15.0, 39.0, 15.0, 15.0, 15.0, 15.0, 21.0, 25.0, 40.0, 25.0, 35.0, 39.0][0.0, 0.0, 6.0, 54.0, 12.0, 54.0, 6.0, 18.0, 9.0, 24.0, 18.0, 24.0, 54.0, 30.0, 48.0, 54.0][0.0, 36.0, 0.0, 54.0, 12.0, 54.0, 6.0, 16.0, 7.0, 24.0, 18.0, 24.0, 54.0, 30.0, 48.0, 54.0][0.0, 36.0, 10.0, 0.0, 12.0, 54.0, 9.0, 12.0, 6.0, 24.0, 18.0, 24.0, 54.0, 30.0, 48.0, 54.0][0.0, 36.0, 7.0, 54.0, 0.0, 54.0, 6.0, 12.0, 6.0, 24.0, 18.0, 24.0, 54.0, 30.0, 48.0, 54.0][0.0, 36.0, 9.0, 54.0, 12.0, 0.0, 8.0, 12.0, 6.0, 24.0, 18.0, 24.0, 54.0, 30.0, 48.0, 54.0][0.0, 36.0, 6.0, 54.0, 12.0, 54.0, 0.0, 15.0, 6.0, 24.0, 18.0, 24.0, 54.0, 30.0, 48.0, 54.0][0.0, 36.0, 13.0, 54.0, 12.0, 54.0, 12.0, 0.0, 9.0, 24.0, 20.0, 24.0, 54.0, 30.0, 48.0, 54.0][0.0, 36.0, 7.0, 54.0, 12.0, 54.0, 6.0, 12.0, 0.0, 24.0, 18.0, 24.0, 54.0, 30.0, 48.0, 54.0][0.0, 36.0, 12.0, 54.0, 12.0, 54.0, 11.0, 12.0, 8.0, 0.0, 19.0, 24.0, 54.0, 30.0, 48.0, 54.0][0.0, 36.0, 6.0, 54.0, 12.0, 54.0, 6.0, 17.0, 8.0, 24.0, 0.0, 24.0, 54.0, 30.0, 48.0, 54.0][0.0, 36.0, 6.0, 54.0, 12.0, 54.0, 6.0, 18.0, 9.0, 24.0, 18.0, 0.0, 54.0, 30.0, 48.0, 54.0][0.0, 36.0, 6.0, 54.0, 12.0, 54.0, 6.0, 18.0, 9.0, 24.0, 18.0, 24.0, 0.0, 30.0, 48.0, 54.0][0.0, 36.0, 6.0, 54.0, 12.0, 54.0, 6.0, 15.0, 6.0, 24.0, 18.0, 24.0, 54.0, 0.0, 48.0, 54.0][0.0, 36.0, 6.0, 54.0, 12.0, 54.0, 6.0, 16.0, 7.0, 24.0, 18.0, 24.0, 54.0, 30.0, 0.0, 54.0][0.0, 36.0, 8.0, 54.0, 12.0, 54.0, 7.0, 12.0, 6.0, 24.0, 18.0, 24.0, 54.0, 30.0, 48.0, 0.0]];