n = 10;
d = [72.7270086007771, 136.6425883268196, 100.61219045577383, 73.20307750116896, 61.61564192470185, 170.24630724719788, 131.53808916414812, 188.75672492296025, 70.69507912804256, 165.21847284850108];
t = [[0.0, 21.0, 18.0, 24.0, 27.0, 18.0, 18.0, 12.0, 19.0, 21.0, 18.0][0.0, 0.0, 21.0, 27.0, 30.0, 21.0, 21.0, 15.0, 22.0, 24.0, 21.0][0.0, 21.0, 0.0, 24.0, 27.0, 18.0, 18.0, 12.0, 19.0, 21.0, 18.0][0.0, 27.0, 24.0, 0.0, 33.0, 24.0, 24.0, 18.0, 25.0, 27.0, 24.0][0.0, 30.0, 27.0, 33.0, 0.0, 27.0, 27.0, 21.0, 28.0, 30.0, 27.0][0.0, 21.0, 18.0, 24.0, 27.0, 0.0, 18.0, 12.0, 19.0, 21.0, 18.0][0.0, 21.0, 18.0, 24.0, 27.0, 18.0, 0.0, 12.0, 19.0, 21.0, 18.0][0.0, 15.0, 12.0, 18.0, 21.0, 12.0, 12.0, 0.0, 13.0, 15.0, 12.0][0.0, 22.0, 19.0, 25.0, 28.0, 19.0, 19.0, 13.0, 0.0, 22.0, 19.0][0.0, 24.0, 21.0, 27.0, 30.0, 21.0, 21.0, 15.0, 22.0, 0.0, 21.0][0.0, 21.0, 18.0, 24.0, 27.0, 18.0, 18.0, 12.0, 19.0, 21.0, 0.0]];