n = 10;
d = [143.4780205297833, 89.99702879429711, 94.77185003096196, 89.88470976716675, 17.91108846726603, 29.454501168583217, 79.9618878115828, 99.89962006487042, 60.16840315311359, 54.424335219415575];
t = [[0.0, 25.0, 18.0, 24.0, 19.0, 33.0, 18.0, 30.0, 18.0, 18.0, 18.0][0.0, 0.0, 12.0, 13.0, 30.0, 22.0, 12.0, 19.0, 9.0, 18.0, 24.0][0.0, 8.0, 0.0, 7.0, 36.0, 16.0, 18.0, 13.0, 6.0, 24.0, 30.0][0.0, 13.0, 7.0, 0.0, 30.0, 21.0, 14.0, 18.0, 6.0, 18.0, 24.0][0.0, 15.0, 13.0, 14.0, 0.0, 23.0, 18.0, 20.0, 10.0, 24.0, 30.0][0.0, 22.0, 15.0, 21.0, 21.0, 0.0, 15.0, 27.0, 15.0, 15.0, 17.0][0.0, 14.0, 12.0, 13.0, 36.0, 22.0, 0.0, 19.0, 9.0, 24.0, 30.0][0.0, 19.0, 12.0, 18.0, 25.0, 27.0, 15.0, 0.0, 12.0, 17.0, 24.0][0.0, 8.0, 12.0, 7.0, 36.0, 16.0, 18.0, 13.0, 0.0, 24.0, 30.0][0.0, 13.0, 12.0, 12.0, 36.0, 21.0, 18.0, 18.0, 8.0, 0.0, 30.0][0.0, 17.0, 15.0, 16.0, 36.0, 25.0, 18.0, 22.0, 12.0, 24.0, 0.0]];