n = 15;
d = [542.7057058390337, 396.9475878847916, 612.0912243015517, 232.0771492862592, 466.4691517872225, 17.55432482936128, 115.99589667333464, 334.63387322535027, 205.6992783733807, 155.6293440225873, 673.671387671964, 220.92447354966248, 356.29998901465086, 420.75614609867074, 637.0254569726592];
t = [[0.0, 30.0, 24.0, 24.0, 42.0, 36.0, 26.0, 36.0, 30.0, 24.0, 33.0, 39.0, 30.0, 30.0, 26.0, 36.0][0.0, 0.0, 24.0, 24.0, 42.0, 36.0, 26.0, 36.0, 30.0, 24.0, 33.0, 39.0, 30.0, 30.0, 26.0, 36.0][0.0, 24.0, 0.0, 18.0, 36.0, 30.0, 20.0, 30.0, 24.0, 18.0, 27.0, 33.0, 24.0, 24.0, 20.0, 30.0][0.0, 24.0, 18.0, 0.0, 36.0, 30.0, 20.0, 30.0, 24.0, 18.0, 27.0, 33.0, 24.0, 24.0, 20.0, 30.0][0.0, 42.0, 36.0, 36.0, 0.0, 48.0, 38.0, 48.0, 42.0, 36.0, 45.0, 51.0, 42.0, 42.0, 38.0, 48.0][0.0, 36.0, 30.0, 30.0, 48.0, 0.0, 32.0, 42.0, 36.0, 30.0, 39.0, 45.0, 36.0, 36.0, 32.0, 42.0][0.0, 26.0, 20.0, 20.0, 38.0, 32.0, 0.0, 32.0, 26.0, 20.0, 29.0, 35.0, 26.0, 26.0, 22.0, 32.0][0.0, 36.0, 30.0, 30.0, 48.0, 42.0, 32.0, 0.0, 36.0, 30.0, 39.0, 45.0, 36.0, 36.0, 32.0, 42.0][0.0, 30.0, 24.0, 24.0, 42.0, 36.0, 26.0, 36.0, 0.0, 24.0, 33.0, 39.0, 30.0, 30.0, 26.0, 36.0][0.0, 24.0, 18.0, 18.0, 36.0, 30.0, 20.0, 30.0, 24.0, 0.0, 27.0, 33.0, 24.0, 24.0, 20.0, 30.0][0.0, 33.0, 27.0, 27.0, 45.0, 39.0, 29.0, 39.0, 33.0, 27.0, 0.0, 42.0, 33.0, 33.0, 29.0, 39.0][0.0, 39.0, 33.0, 33.0, 51.0, 45.0, 35.0, 45.0, 39.0, 33.0, 42.0, 0.0, 39.0, 39.0, 35.0, 45.0][0.0, 30.0, 24.0, 24.0, 42.0, 36.0, 26.0, 36.0, 30.0, 24.0, 33.0, 39.0, 0.0, 30.0, 26.0, 36.0][0.0, 30.0, 24.0, 24.0, 42.0, 36.0, 26.0, 36.0, 30.0, 24.0, 33.0, 39.0, 30.0, 0.0, 26.0, 36.0][0.0, 26.0, 20.0, 20.0, 38.0, 32.0, 22.0, 32.0, 26.0, 20.0, 29.0, 35.0, 26.0, 26.0, 0.0, 32.0][0.0, 36.0, 30.0, 30.0, 48.0, 42.0, 32.0, 42.0, 36.0, 30.0, 39.0, 45.0, 36.0, 36.0, 32.0, 0.0]];