n = 10;
d = [72.9515053047308, 139.5983811187929, 30.6654241224479, 102.34301351345671, 90.28103315019908, 50.935847196344774, 181.8549899842765, 11.782920610580549, 76.44386609161751, 81.65325364631262];
t = [[0.0, 18.0, 24.0, 13.0, 6.0, 12.0, 24.0, 6.0, 30.0, 30.0, 12.0][0.0, 0.0, 18.0, 19.0, 12.0, 12.0, 20.0, 12.0, 24.0, 24.0, 12.0][0.0, 19.0, 0.0, 14.0, 9.0, 18.0, 30.0, 12.0, 36.0, 36.0, 18.0][0.0, 19.0, 27.0, 0.0, 9.0, 15.0, 27.0, 9.0, 33.0, 33.0, 15.0][0.0, 13.0, 30.0, 8.0, 0.0, 18.0, 30.0, 12.0, 36.0, 36.0, 18.0][0.0, 16.0, 30.0, 11.0, 6.0, 0.0, 30.0, 12.0, 36.0, 36.0, 18.0][0.0, 21.0, 30.0, 16.0, 11.0, 18.0, 0.0, 12.0, 36.0, 36.0, 18.0][0.0, 16.0, 30.0, 11.0, 6.0, 18.0, 30.0, 0.0, 36.0, 36.0, 18.0][0.0, 15.0, 30.0, 10.0, 6.0, 18.0, 30.0, 12.0, 0.0, 36.0, 18.0][0.0, 18.0, 30.0, 13.0, 8.0, 18.0, 30.0, 12.0, 36.0, 0.0, 18.0][0.0, 17.0, 30.0, 12.0, 7.0, 18.0, 30.0, 12.0, 36.0, 36.0, 0.0]];