n = 10;
d = [123.81577900206813, 101.73560423094746, 88.33532259572179, 60.92389012136437, 20.421315412965072, 70.6898758608326, 131.54818136710153, 43.01741526648334, 98.08521005094535, 111.20400620832297];
t = [[0.0, 30.0, 15.0, 18.0, 21.0, 21.0, 17.0, 15.0, 15.0, 15.0, 15.0][0.0, 0.0, 15.0, 18.0, 23.0, 21.0, 15.0, 15.0, 15.0, 15.0, 15.0][0.0, 19.0, 0.0, 7.0, 36.0, 10.0, 24.0, 12.0, 18.0, 6.0, 18.0][0.0, 18.0, 5.0, 0.0, 33.0, 9.0, 21.0, 10.0, 17.0, 4.0, 15.0][0.0, 25.0, 9.0, 13.0, 0.0, 16.0, 24.0, 12.0, 18.0, 12.0, 18.0][0.0, 21.0, 6.0, 9.0, 30.0, 0.0, 18.0, 7.0, 14.0, 7.0, 12.0][0.0, 17.0, 6.0, 5.0, 36.0, 8.0, 0.0, 12.0, 18.0, 6.0, 18.0][0.0, 21.0, 6.0, 9.0, 36.0, 12.0, 24.0, 0.0, 18.0, 8.0, 18.0][0.0, 25.0, 9.0, 13.0, 36.0, 16.0, 24.0, 12.0, 0.0, 12.0, 18.0][0.0, 16.0, 6.0, 4.0, 36.0, 7.0, 24.0, 12.0, 18.0, 0.0, 18.0][0.0, 21.0, 6.0, 9.0, 36.0, 12.0, 24.0, 12.0, 18.0, 8.0, 0.0]];