n = 15;
d = [53.486992900222745, 5.939961109890397, 577.5919881797699, 567.2946939837493, 157.72170506148706, 51.59787607170279, 251.6272600510212, 443.49491206096525, 442.6428634582205, 592.9287703377856, 504.7048291773771, 551.0207823859981, 176.86289864717943, 487.09466166711667, 399.67936456322116];
t = [[0.0, 37.0, 28.0, 33.0, 36.0, 48.0, 42.0, 36.0, 31.0, 45.0, 27.0, 45.0, 51.0, 30.0, 48.0, 33.0][0.0, 0.0, 17.0, 22.0, 25.0, 37.0, 31.0, 25.0, 20.0, 34.0, 16.0, 34.0, 40.0, 19.0, 37.0, 22.0][0.0, 17.0, 0.0, 13.0, 16.0, 28.0, 22.0, 16.0, 11.0, 25.0, 7.0, 25.0, 31.0, 10.0, 28.0, 13.0][0.0, 22.0, 13.0, 0.0, 21.0, 33.0, 27.0, 21.0, 16.0, 30.0, 12.0, 30.0, 36.0, 15.0, 33.0, 18.0][0.0, 25.0, 16.0, 21.0, 0.0, 36.0, 30.0, 24.0, 19.0, 33.0, 15.0, 33.0, 39.0, 18.0, 36.0, 21.0][0.0, 37.0, 28.0, 33.0, 36.0, 0.0, 42.0, 36.0, 31.0, 45.0, 27.0, 45.0, 51.0, 30.0, 48.0, 33.0][0.0, 31.0, 22.0, 27.0, 30.0, 42.0, 0.0, 30.0, 25.0, 39.0, 21.0, 39.0, 45.0, 24.0, 42.0, 27.0][0.0, 25.0, 16.0, 21.0, 24.0, 36.0, 30.0, 0.0, 19.0, 33.0, 15.0, 33.0, 39.0, 18.0, 36.0, 21.0][0.0, 20.0, 11.0, 16.0, 19.0, 31.0, 25.0, 19.0, 0.0, 28.0, 10.0, 28.0, 34.0, 13.0, 31.0, 16.0][0.0, 34.0, 25.0, 30.0, 33.0, 45.0, 39.0, 33.0, 28.0, 0.0, 24.0, 42.0, 48.0, 27.0, 45.0, 30.0][0.0, 16.0, 7.0, 12.0, 15.0, 27.0, 21.0, 15.0, 10.0, 24.0, 0.0, 24.0, 30.0, 9.0, 27.0, 12.0][0.0, 34.0, 25.0, 30.0, 33.0, 45.0, 39.0, 33.0, 28.0, 42.0, 24.0, 0.0, 48.0, 27.0, 45.0, 30.0][0.0, 40.0, 31.0, 36.0, 39.0, 51.0, 45.0, 39.0, 34.0, 48.0, 30.0, 48.0, 0.0, 33.0, 51.0, 36.0][0.0, 19.0, 10.0, 15.0, 18.0, 30.0, 24.0, 18.0, 13.0, 27.0, 9.0, 27.0, 33.0, 0.0, 30.0, 15.0][0.0, 37.0, 28.0, 33.0, 36.0, 48.0, 42.0, 36.0, 31.0, 45.0, 27.0, 45.0, 51.0, 30.0, 0.0, 33.0][0.0, 22.0, 13.0, 18.0, 21.0, 33.0, 27.0, 21.0, 16.0, 30.0, 12.0, 30.0, 36.0, 15.0, 33.0, 0.0]];