n = 15;
d = [559.6641594440505, 213.84275542428992, 122.67216411330132, 25.781165795251308, 380.07319462053096, 542.7274783549551, 201.6730731000408, 498.91265823788, 11.184238606581618, 325.9969241193553, 432.5448091821028, 266.2751749370754, 277.75677850540603, 225.9185162743353, 535.3653308550307];
t = [[0.0, 21.0, 45.0, 39.0, 15.0, 39.0, 8.0, 27.0, 39.0, 45.0, 39.0, 27.0, 27.0, 6.0, 17.0, 45.0][0.0, 0.0, 48.0, 42.0, 18.0, 42.0, 7.0, 30.0, 42.0, 48.0, 42.0, 30.0, 30.0, 6.0, 18.0, 48.0][0.0, 24.0, 0.0, 42.0, 18.0, 42.0, 9.0, 30.0, 42.0, 48.0, 42.0, 30.0, 30.0, 7.0, 18.0, 48.0][0.0, 24.0, 48.0, 0.0, 18.0, 42.0, 13.0, 30.0, 42.0, 48.0, 42.0, 30.0, 30.0, 11.0, 22.0, 48.0][0.0, 24.0, 48.0, 42.0, 0.0, 42.0, 10.0, 30.0, 42.0, 48.0, 42.0, 30.0, 30.0, 8.0, 19.0, 48.0][0.0, 24.0, 48.0, 42.0, 18.0, 0.0, 6.0, 30.0, 42.0, 48.0, 42.0, 30.0, 30.0, 6.0, 18.0, 48.0][0.0, 24.0, 48.0, 42.0, 18.0, 42.0, 0.0, 30.0, 42.0, 48.0, 42.0, 30.0, 30.0, 6.0, 18.0, 48.0][0.0, 24.0, 48.0, 42.0, 20.0, 42.0, 7.0, 0.0, 42.0, 48.0, 42.0, 30.0, 30.0, 9.0, 18.0, 48.0][0.0, 24.0, 48.0, 42.0, 18.0, 42.0, 8.0, 30.0, 0.0, 48.0, 42.0, 30.0, 30.0, 6.0, 18.0, 48.0][0.0, 24.0, 48.0, 42.0, 18.0, 42.0, 6.0, 30.0, 42.0, 0.0, 42.0, 30.0, 30.0, 6.0, 18.0, 48.0][0.0, 24.0, 48.0, 42.0, 18.0, 42.0, 6.0, 30.0, 42.0, 48.0, 0.0, 30.0, 30.0, 6.0, 18.0, 48.0][0.0, 24.0, 48.0, 42.0, 18.0, 42.0, 11.0, 30.0, 42.0, 48.0, 42.0, 0.0, 30.0, 9.0, 20.0, 48.0][0.0, 24.0, 48.0, 42.0, 18.0, 42.0, 12.0, 30.0, 42.0, 48.0, 42.0, 30.0, 0.0, 10.0, 21.0, 48.0][0.0, 24.0, 48.0, 42.0, 18.0, 42.0, 6.0, 30.0, 42.0, 48.0, 42.0, 30.0, 30.0, 0.0, 18.0, 48.0][0.0, 24.0, 48.0, 42.0, 19.0, 42.0, 6.0, 30.0, 42.0, 48.0, 42.0, 30.0, 30.0, 8.0, 0.0, 48.0][0.0, 24.0, 48.0, 42.0, 18.0, 42.0, 8.0, 30.0, 42.0, 48.0, 42.0, 30.0, 30.0, 6.0, 18.0, 0.0]];