n = 10;
d = [105.25913941981456, 40.568976969924236, 132.07852221686508, 26.62487092023629, 140.13885619993815, 146.20992477090533, 68.36165513878979, 158.82169469540867, 26.00392508082147, 149.36040515737193];
t = [[0.0, 17.0, 18.0, 12.0, 12.0, 12.0, 17.0, 12.0, 18.0, 19.0, 15.0][0.0, 0.0, 27.0, 21.0, 15.0, 5.0, 21.0, 4.0, 27.0, 21.0, 15.0][0.0, 15.0, 0.0, 24.0, 18.0, 6.0, 24.0, 9.0, 30.0, 24.0, 18.0][0.0, 14.0, 30.0, 0.0, 18.0, 6.0, 24.0, 8.0, 30.0, 24.0, 18.0][0.0, 13.0, 30.0, 24.0, 0.0, 6.0, 24.0, 7.0, 30.0, 24.0, 18.0][0.0, 12.0, 30.0, 24.0, 18.0, 0.0, 24.0, 6.0, 30.0, 24.0, 18.0][0.0, 9.0, 30.0, 24.0, 18.0, 6.0, 0.0, 6.0, 30.0, 24.0, 18.0][0.0, 9.0, 30.0, 24.0, 18.0, 6.0, 24.0, 0.0, 30.0, 24.0, 18.0][0.0, 11.0, 30.0, 24.0, 18.0, 6.0, 24.0, 6.0, 0.0, 24.0, 18.0][0.0, 7.0, 30.0, 24.0, 18.0, 8.0, 24.0, 6.0, 30.0, 0.0, 18.0][0.0, 8.0, 30.0, 24.0, 18.0, 7.0, 24.0, 6.0, 30.0, 24.0, 0.0]];