n = 15;
d = [405.41578117472784, 482.2441144322672, 421.52829893811895, 410.8354963072782, 50.91173579179936, 682.8804090707432, 661.6788368090456, 199.24707522962524, 507.4137130458203, 83.86607559851859, 94.23552835226762, 169.28218641031344, 545.1989275306104, 518.8111575513537, 394.67392223955494];
t = [[0.0, 54.0, 51.0, 33.0, 36.0, 45.0, 36.0, 54.0, 45.0, 48.0, 39.0, 51.0, 39.0, 41.0, 51.0, 36.0][0.0, 0.0, 51.0, 33.0, 36.0, 45.0, 36.0, 54.0, 45.0, 48.0, 39.0, 51.0, 39.0, 41.0, 51.0, 36.0][0.0, 51.0, 0.0, 30.0, 33.0, 42.0, 33.0, 51.0, 42.0, 45.0, 36.0, 48.0, 36.0, 38.0, 48.0, 33.0][0.0, 33.0, 30.0, 0.0, 15.0, 24.0, 15.0, 33.0, 24.0, 27.0, 18.0, 30.0, 18.0, 20.0, 30.0, 15.0][0.0, 36.0, 33.0, 15.0, 0.0, 27.0, 18.0, 36.0, 27.0, 30.0, 21.0, 33.0, 21.0, 23.0, 33.0, 18.0][0.0, 45.0, 42.0, 24.0, 27.0, 0.0, 27.0, 45.0, 36.0, 39.0, 30.0, 42.0, 30.0, 32.0, 42.0, 27.0][0.0, 36.0, 33.0, 15.0, 18.0, 27.0, 0.0, 36.0, 27.0, 30.0, 21.0, 33.0, 21.0, 23.0, 33.0, 18.0][0.0, 54.0, 51.0, 33.0, 36.0, 45.0, 36.0, 0.0, 45.0, 48.0, 39.0, 51.0, 39.0, 41.0, 51.0, 36.0][0.0, 45.0, 42.0, 24.0, 27.0, 36.0, 27.0, 45.0, 0.0, 39.0, 30.0, 42.0, 30.0, 32.0, 42.0, 27.0][0.0, 48.0, 45.0, 27.0, 30.0, 39.0, 30.0, 48.0, 39.0, 0.0, 33.0, 45.0, 33.0, 35.0, 45.0, 30.0][0.0, 39.0, 36.0, 18.0, 21.0, 30.0, 21.0, 39.0, 30.0, 33.0, 0.0, 36.0, 24.0, 26.0, 36.0, 21.0][0.0, 51.0, 48.0, 30.0, 33.0, 42.0, 33.0, 51.0, 42.0, 45.0, 36.0, 0.0, 36.0, 38.0, 48.0, 33.0][0.0, 39.0, 36.0, 18.0, 21.0, 30.0, 21.0, 39.0, 30.0, 33.0, 24.0, 36.0, 0.0, 26.0, 36.0, 21.0][0.0, 41.0, 38.0, 20.0, 23.0, 32.0, 23.0, 41.0, 32.0, 35.0, 26.0, 38.0, 26.0, 0.0, 38.0, 23.0][0.0, 51.0, 48.0, 30.0, 33.0, 42.0, 33.0, 51.0, 42.0, 45.0, 36.0, 48.0, 36.0, 38.0, 0.0, 33.0][0.0, 36.0, 33.0, 15.0, 18.0, 27.0, 18.0, 36.0, 27.0, 30.0, 21.0, 33.0, 21.0, 23.0, 33.0, 0.0]];