n = 10;
d = [166.02553472506855, 155.56091240838526, 85.89129118740196, 30.92699431181187, 51.18349905092921, 154.74447160836627, 141.54933079968632, 57.917652193916354, 138.63563778168955, 62.45758753205142];
t = [[0.0, 15.0, 9.0, 12.0, 16.0, 21.0, 10.0, 15.0, 9.0, 12.0, 18.0][0.0, 0.0, 12.0, 21.0, 18.0, 30.0, 19.0, 24.0, 18.0, 21.0, 27.0][0.0, 15.0, 0.0, 12.0, 18.0, 21.0, 10.0, 15.0, 9.0, 12.0, 18.0][0.0, 21.0, 9.0, 0.0, 15.0, 27.0, 16.0, 21.0, 15.0, 18.0, 24.0][0.0, 22.0, 13.0, 19.0, 0.0, 28.0, 17.0, 22.0, 16.0, 19.0, 25.0][0.0, 30.0, 18.0, 27.0, 18.0, 0.0, 25.0, 30.0, 24.0, 27.0, 33.0][0.0, 19.0, 10.0, 16.0, 12.0, 25.0, 0.0, 19.0, 13.0, 16.0, 22.0][0.0, 24.0, 13.0, 21.0, 12.0, 30.0, 19.0, 0.0, 18.0, 21.0, 27.0][0.0, 18.0, 9.0, 15.0, 15.0, 24.0, 13.0, 18.0, 0.0, 15.0, 21.0][0.0, 21.0, 12.0, 18.0, 10.0, 27.0, 16.0, 21.0, 15.0, 0.0, 24.0][0.0, 27.0, 15.0, 24.0, 15.0, 33.0, 22.0, 27.0, 21.0, 24.0, 0.0]];