n = 10;
d = [141.14541976499407, 71.37170390483996, 4.347649451886617, 52.119475869818956, 148.9234855919064, 96.52820928868321, 140.62841569548917, 40.81159515864214, 75.95892109237857, 1.6003420268237156];
t = [[0.0, 27.0, 18.0, 28.0, 18.0, 28.0, 18.0, 33.0, 18.0, 30.0, 18.0][0.0, 0.0, 21.0, 19.0, 21.0, 19.0, 11.0, 24.0, 9.0, 21.0, 9.0][0.0, 15.0, 0.0, 16.0, 30.0, 16.0, 12.0, 21.0, 6.0, 18.0, 12.0][0.0, 19.0, 24.0, 0.0, 24.0, 20.0, 14.0, 25.0, 9.0, 22.0, 7.0][0.0, 10.0, 30.0, 11.0, 0.0, 11.0, 12.0, 16.0, 6.0, 13.0, 14.0][0.0, 19.0, 27.0, 20.0, 27.0, 0.0, 14.0, 25.0, 9.0, 22.0, 9.0][0.0, 11.0, 30.0, 12.0, 30.0, 12.0, 0.0, 17.0, 6.0, 14.0, 13.0][0.0, 24.0, 16.0, 25.0, 19.0, 25.0, 15.0, 0.0, 15.0, 27.0, 15.0][0.0, 13.0, 30.0, 14.0, 30.0, 14.0, 12.0, 19.0, 0.0, 16.0, 12.0][0.0, 21.0, 19.0, 22.0, 18.0, 22.0, 12.0, 27.0, 12.0, 0.0, 13.0][0.0, 18.0, 30.0, 19.0, 30.0, 19.0, 13.0, 24.0, 8.0, 21.0, 0.0]];