n = 15;
d = [459.17127224232473, 358.9530133864058, 707.5095913940173, 538.7531421752592, 658.19347912237, 225.15125343312073, 266.0037855616482, 283.6185773122629, 497.78534125227924, 704.6087583958064, 504.164788840446, 620.558155175848, 57.51541121072252, 131.18638080414337, 477.30468512791504];
t = [[0.0, 48.0, 24.0, 51.0, 29.0, 51.0, 24.0, 39.0, 33.0, 51.0, 51.0, 51.0, 36.0, 45.0, 33.0, 45.0][0.0, 0.0, 24.0, 51.0, 29.0, 51.0, 24.0, 39.0, 33.0, 51.0, 51.0, 51.0, 36.0, 45.0, 33.0, 45.0][0.0, 31.0, 0.0, 34.0, 36.0, 34.0, 36.0, 22.0, 42.0, 34.0, 34.0, 34.0, 19.0, 28.0, 16.0, 28.0][0.0, 51.0, 27.0, 0.0, 27.0, 54.0, 27.0, 42.0, 27.0, 54.0, 54.0, 54.0, 39.0, 48.0, 36.0, 48.0][0.0, 36.0, 36.0, 39.0, 0.0, 39.0, 36.0, 27.0, 42.0, 39.0, 39.0, 39.0, 24.0, 33.0, 21.0, 33.0][0.0, 51.0, 27.0, 54.0, 27.0, 0.0, 28.0, 42.0, 27.0, 54.0, 54.0, 54.0, 39.0, 48.0, 36.0, 48.0][0.0, 25.0, 36.0, 28.0, 36.0, 28.0, 0.0, 16.0, 42.0, 28.0, 28.0, 28.0, 13.0, 22.0, 10.0, 22.0][0.0, 39.0, 21.0, 42.0, 25.0, 42.0, 22.0, 0.0, 29.0, 42.0, 42.0, 42.0, 27.0, 36.0, 24.0, 36.0][0.0, 37.0, 36.0, 40.0, 36.0, 40.0, 36.0, 28.0, 0.0, 40.0, 40.0, 40.0, 25.0, 34.0, 22.0, 34.0][0.0, 51.0, 27.0, 54.0, 29.0, 54.0, 27.0, 42.0, 33.0, 0.0, 54.0, 54.0, 39.0, 48.0, 36.0, 48.0][0.0, 51.0, 27.0, 54.0, 27.0, 54.0, 27.0, 42.0, 27.0, 54.0, 0.0, 54.0, 39.0, 48.0, 36.0, 48.0][0.0, 51.0, 27.0, 54.0, 27.0, 54.0, 27.0, 42.0, 27.0, 54.0, 54.0, 0.0, 39.0, 48.0, 36.0, 48.0][0.0, 36.0, 24.0, 39.0, 24.0, 39.0, 27.0, 27.0, 30.0, 39.0, 39.0, 39.0, 0.0, 33.0, 21.0, 33.0][0.0, 45.0, 21.0, 48.0, 22.0, 48.0, 25.0, 36.0, 26.0, 48.0, 48.0, 48.0, 33.0, 0.0, 30.0, 42.0][0.0, 33.0, 27.0, 36.0, 27.0, 36.0, 27.0, 24.0, 33.0, 36.0, 36.0, 36.0, 21.0, 30.0, 0.0, 30.0][0.0, 45.0, 21.0, 48.0, 24.0, 48.0, 23.0, 36.0, 28.0, 48.0, 48.0, 48.0, 33.0, 42.0, 30.0, 0.0]];