n = 15;
d = [420.4218480972982, 334.50824794844226, 303.3639747592778, 69.54406122852072, 98.30924993586514, 510.00634250097687, 570.3641843752978, 591.651110756663, 34.38471162069906, 260.2808489087602, 54.51635631984272, 309.52066822260593, 18.8333006842222, 137.13594542205135, 588.0157988916409];
t = [[0.0, 48.0, 27.0, 36.0, 21.0, 48.0, 21.0, 21.0, 21.0, 21.0, 21.0, 21.0, 23.0, 23.0, 22.0, 21.0][0.0, 0.0, 37.0, 42.0, 27.0, 54.0, 27.0, 27.0, 29.0, 31.0, 27.0, 27.0, 29.0, 33.0, 27.0, 27.0][0.0, 42.0, 0.0, 30.0, 18.0, 42.0, 22.0, 12.0, 36.0, 36.0, 18.0, 18.0, 42.0, 42.0, 30.0, 10.0][0.0, 42.0, 33.0, 0.0, 15.0, 42.0, 15.0, 15.0, 23.0, 25.0, 15.0, 15.0, 27.0, 27.0, 18.0, 15.0][0.0, 41.0, 48.0, 29.0, 0.0, 41.0, 21.0, 12.0, 36.0, 36.0, 18.0, 18.0, 42.0, 42.0, 30.0, 9.0][0.0, 54.0, 33.0, 42.0, 27.0, 0.0, 27.0, 27.0, 27.0, 27.0, 27.0, 27.0, 27.0, 29.0, 27.0, 27.0][0.0, 29.0, 48.0, 17.0, 21.0, 29.0, 0.0, 15.0, 36.0, 36.0, 18.0, 20.0, 42.0, 42.0, 30.0, 9.0][0.0, 38.0, 48.0, 26.0, 18.0, 38.0, 18.0, 0.0, 36.0, 36.0, 18.0, 18.0, 42.0, 42.0, 30.0, 6.0][0.0, 40.0, 48.0, 28.0, 18.0, 40.0, 20.0, 12.0, 0.0, 36.0, 18.0, 18.0, 42.0, 42.0, 30.0, 8.0][0.0, 42.0, 48.0, 30.0, 18.0, 42.0, 22.0, 12.0, 36.0, 0.0, 18.0, 18.0, 42.0, 42.0, 30.0, 10.0][0.0, 38.0, 48.0, 26.0, 18.0, 38.0, 18.0, 12.0, 36.0, 36.0, 0.0, 18.0, 42.0, 42.0, 30.0, 6.0][0.0, 40.0, 48.0, 28.0, 18.0, 40.0, 20.0, 12.0, 36.0, 36.0, 18.0, 0.0, 42.0, 42.0, 30.0, 8.0][0.0, 37.0, 48.0, 25.0, 18.0, 37.0, 18.0, 12.0, 36.0, 36.0, 18.0, 18.0, 0.0, 42.0, 30.0, 6.0][0.0, 41.0, 48.0, 29.0, 18.0, 41.0, 21.0, 12.0, 36.0, 36.0, 18.0, 18.0, 42.0, 0.0, 30.0, 9.0][0.0, 32.0, 48.0, 20.0, 18.0, 32.0, 18.0, 12.0, 36.0, 36.0, 18.0, 18.0, 42.0, 42.0, 0.0, 6.0][0.0, 35.0, 48.0, 23.0, 18.0, 35.0, 18.0, 12.0, 36.0, 36.0, 18.0, 18.0, 42.0, 42.0, 30.0, 0.0]];