n = 15;
d = [346.21676544570715, 317.7201959658351, 163.9406784323214, 425.19275951452136, 359.76462063604777, 36.630444241141774, 189.22075335617313, 262.8987991997527, 553.0737223467878, 448.4642791353278, 83.18600280906317, 379.7149756999563, 444.3700115023766, 296.5098834057098, 192.50037664739514];
t = [[0.0, 48.0, 21.0, 30.0, 21.0, 45.0, 21.0, 39.0, 21.0, 36.0, 33.0, 21.0, 21.0, 21.0, 21.0, 27.0][0.0, 0.0, 27.0, 36.0, 27.0, 51.0, 27.0, 45.0, 27.0, 42.0, 29.0, 27.0, 27.0, 27.0, 27.0, 27.0][0.0, 39.0, 0.0, 21.0, 36.0, 36.0, 30.0, 30.0, 13.0, 27.0, 54.0, 14.0, 42.0, 24.0, 12.0, 48.0][0.0, 36.0, 15.0, 0.0, 27.0, 33.0, 23.0, 27.0, 9.0, 24.0, 45.0, 9.0, 33.0, 16.0, 9.0, 39.0][0.0, 39.0, 18.0, 21.0, 0.0, 36.0, 30.0, 30.0, 13.0, 27.0, 54.0, 14.0, 42.0, 24.0, 12.0, 48.0][0.0, 51.0, 24.0, 33.0, 27.0, 0.0, 26.0, 42.0, 24.0, 39.0, 37.0, 24.0, 31.0, 24.0, 24.0, 36.0][0.0, 41.0, 18.0, 23.0, 36.0, 38.0, 0.0, 32.0, 15.0, 29.0, 54.0, 16.0, 42.0, 24.0, 12.0, 48.0][0.0, 45.0, 18.0, 27.0, 20.0, 42.0, 19.0, 0.0, 18.0, 33.0, 36.0, 18.0, 24.0, 18.0, 18.0, 30.0][0.0, 29.0, 19.0, 11.0, 36.0, 26.0, 30.0, 20.0, 0.0, 17.0, 54.0, 6.0, 42.0, 24.0, 13.0, 48.0][0.0, 42.0, 20.0, 24.0, 29.0, 39.0, 28.0, 33.0, 15.0, 0.0, 39.0, 15.0, 33.0, 21.0, 15.0, 38.0][0.0, 40.0, 18.0, 22.0, 36.0, 37.0, 30.0, 31.0, 14.0, 28.0, 0.0, 15.0, 42.0, 24.0, 12.0, 48.0][0.0, 28.0, 20.0, 10.0, 36.0, 25.0, 30.0, 19.0, 6.0, 16.0, 54.0, 0.0, 42.0, 24.0, 14.0, 48.0][0.0, 40.0, 18.0, 22.0, 36.0, 37.0, 30.0, 31.0, 14.0, 28.0, 54.0, 15.0, 0.0, 24.0, 12.0, 48.0][0.0, 37.0, 18.0, 19.0, 36.0, 34.0, 30.0, 28.0, 11.0, 25.0, 54.0, 12.0, 42.0, 0.0, 12.0, 48.0][0.0, 36.0, 18.0, 18.0, 36.0, 33.0, 30.0, 27.0, 10.0, 24.0, 54.0, 11.0, 42.0, 24.0, 0.0, 48.0][0.0, 42.0, 18.0, 24.0, 36.0, 39.0, 30.0, 33.0, 16.0, 30.0, 54.0, 17.0, 42.0, 24.0, 12.0, 0.0]];