n = 15;
d = [183.03652626826144, 12.104336022014717, 274.85202029790713, 423.04411414924306, 571.1557020905792, 446.86925831122056, 426.67861902344833, 460.15837037165693, 267.51125221357955, 293.5698539693597, 552.9761052430317, 219.30208910160664, 155.5348826675488, 500.87771547032384, 461.0025108614372];
t = [[0.0, 24.0, 45.0, 30.0, 15.0, 33.0, 14.0, 42.0, 45.0, 21.0, 30.0, 30.0, 30.0, 30.0, 27.0, 27.0][0.0, 0.0, 45.0, 24.0, 9.0, 27.0, 10.0, 36.0, 45.0, 15.0, 24.0, 24.0, 24.0, 24.0, 21.0, 21.0][0.0, 19.0, 0.0, 25.0, 10.0, 28.0, 12.0, 37.0, 54.0, 16.0, 25.0, 25.0, 25.0, 25.0, 22.0, 22.0][0.0, 24.0, 48.0, 0.0, 15.0, 33.0, 14.0, 42.0, 48.0, 21.0, 30.0, 30.0, 30.0, 30.0, 27.0, 27.0][0.0, 12.0, 54.0, 18.0, 0.0, 21.0, 12.0, 30.0, 54.0, 9.0, 18.0, 18.0, 18.0, 18.0, 15.0, 15.0][0.0, 27.0, 36.0, 33.0, 18.0, 0.0, 18.0, 45.0, 36.0, 24.0, 33.0, 33.0, 33.0, 33.0, 30.0, 30.0][0.0, 16.0, 54.0, 22.0, 7.0, 25.0, 0.0, 34.0, 54.0, 13.0, 22.0, 22.0, 22.0, 22.0, 19.0, 19.0][0.0, 36.0, 31.0, 42.0, 27.0, 45.0, 27.0, 0.0, 34.0, 33.0, 42.0, 42.0, 42.0, 42.0, 39.0, 39.0][0.0, 22.0, 54.0, 28.0, 13.0, 31.0, 12.0, 40.0, 0.0, 19.0, 28.0, 28.0, 28.0, 28.0, 25.0, 25.0][0.0, 15.0, 48.0, 21.0, 6.0, 24.0, 7.0, 33.0, 48.0, 0.0, 21.0, 21.0, 21.0, 21.0, 18.0, 18.0][0.0, 24.0, 39.0, 30.0, 15.0, 33.0, 15.0, 42.0, 39.0, 21.0, 0.0, 30.0, 30.0, 30.0, 27.0, 27.0][0.0, 24.0, 39.0, 30.0, 15.0, 33.0, 15.0, 42.0, 39.0, 21.0, 30.0, 0.0, 30.0, 30.0, 27.0, 27.0][0.0, 24.0, 39.0, 30.0, 15.0, 33.0, 15.0, 42.0, 39.0, 21.0, 30.0, 30.0, 0.0, 30.0, 27.0, 27.0][0.0, 24.0, 39.0, 30.0, 15.0, 33.0, 15.0, 42.0, 39.0, 21.0, 30.0, 30.0, 30.0, 0.0, 27.0, 27.0][0.0, 21.0, 42.0, 27.0, 12.0, 30.0, 12.0, 39.0, 42.0, 18.0, 27.0, 27.0, 27.0, 27.0, 0.0, 24.0][0.0, 21.0, 42.0, 27.0, 12.0, 30.0, 12.0, 39.0, 42.0, 18.0, 27.0, 27.0, 27.0, 27.0, 24.0, 0.0]];