n = 10;
d = [18.395079815067625, 156.06724493159817, 5.710128016330989, 77.34486004960631, 146.2926589515754, 138.19552072147565, 135.46997814039108, 24.795353781747636, 132.5861323811516, 88.68678619202183];
t = [[0.0, 6.0, 9.0, 18.0, 15.0, 12.0, 18.0, 4.0, 5.0, 15.0, 18.0][0.0, 0.0, 15.0, 24.0, 21.0, 18.0, 24.0, 10.0, 11.0, 21.0, 24.0][0.0, 15.0, 0.0, 27.0, 24.0, 21.0, 27.0, 13.0, 14.0, 24.0, 27.0][0.0, 24.0, 27.0, 0.0, 33.0, 30.0, 36.0, 22.0, 23.0, 33.0, 36.0][0.0, 21.0, 24.0, 33.0, 0.0, 27.0, 33.0, 19.0, 20.0, 30.0, 33.0][0.0, 18.0, 21.0, 30.0, 27.0, 0.0, 30.0, 16.0, 17.0, 27.0, 30.0][0.0, 24.0, 27.0, 36.0, 33.0, 30.0, 0.0, 22.0, 23.0, 33.0, 36.0][0.0, 10.0, 13.0, 22.0, 19.0, 16.0, 22.0, 0.0, 9.0, 19.0, 22.0][0.0, 11.0, 14.0, 23.0, 20.0, 17.0, 23.0, 9.0, 0.0, 20.0, 23.0][0.0, 21.0, 24.0, 33.0, 30.0, 27.0, 33.0, 19.0, 20.0, 0.0, 33.0][0.0, 24.0, 27.0, 36.0, 33.0, 30.0, 36.0, 22.0, 23.0, 33.0, 0.0]];