n = 10;
d = [65.61433794911794, 106.00088047644526, 75.55086654279168, 50.038121478395716, 27.909356177077814, 21.608725471094857, 38.54748080666153, 91.63667892490194, 80.07118614767892, 163.98197306208647];
t = [[0.0, 24.0, 9.0, 24.0, 27.0, 24.0, 27.0, 19.0, 10.0, 24.0, 11.0][0.0, 0.0, 15.0, 30.0, 21.0, 30.0, 21.0, 25.0, 15.0, 30.0, 15.0][0.0, 21.0, 0.0, 21.0, 36.0, 21.0, 36.0, 16.0, 12.0, 21.0, 18.0][0.0, 30.0, 15.0, 0.0, 21.0, 30.0, 21.0, 25.0, 15.0, 30.0, 15.0][0.0, 23.0, 6.0, 23.0, 0.0, 23.0, 36.0, 18.0, 12.0, 23.0, 18.0][0.0, 30.0, 15.0, 30.0, 21.0, 0.0, 21.0, 25.0, 15.0, 30.0, 15.0][0.0, 24.0, 6.0, 24.0, 36.0, 24.0, 0.0, 19.0, 13.0, 24.0, 18.0][0.0, 25.0, 7.0, 25.0, 30.0, 25.0, 30.0, 0.0, 14.0, 25.0, 15.0][0.0, 17.0, 7.0, 17.0, 36.0, 17.0, 36.0, 12.0, 0.0, 17.0, 18.0][0.0, 30.0, 15.0, 30.0, 24.0, 30.0, 25.0, 25.0, 15.0, 0.0, 15.0][0.0, 19.0, 6.0, 19.0, 36.0, 19.0, 36.0, 14.0, 12.0, 19.0, 0.0]];